>>> import pandas as pd
>>> mat1= pd.read_csv("matrix.csv", delimiter="\t", index_col=0 )
>>> mat2=mat1.fillna(mat1.T).fillna(0)
>>> mat2_sorted=mat2.reindex(index=['NGS07', 'NGS03', 'FastQ13', 'FastQ11', 'NGS09','FastQ12','NGS02','NGS01','FastQ15', 'FastQ14','NGS06','NGS08','NGS05','NGS10','NGS04'], columns=['NGS07', 'NGS03', 'FastQ13', 'FastQ11', 'NGS09','FastQ12','NGS02','NGS01','FastQ15', 'FastQ14','NGS06','NGS08','NGS05','NGS10','NGS04'])
>>> 
>>> mat2_sorted
          NGS07   NGS03  FastQ13  FastQ11   NGS09  FastQ12   NGS02  ...  FastQ15  FastQ14   NGS06   NGS08   NGS05   NGS10   NGS04
NGS07       0.0  1904.0   1895.0   1894.0  1900.0   1900.0  1900.0  ...   1675.0   1675.0  1749.0  1744.0  1704.0  1705.0  1705.0
NGS03    1904.0     0.0     13.0     12.0    18.0     18.0    18.0  ...   1665.0   1665.0  1733.0  1732.0  1688.0  1689.0  1689.0
FastQ13  1895.0    13.0      0.0      3.0     9.0      9.0     9.0  ...   1656.0   1656.0  1724.0  1723.0  1679.0  1680.0  1680.0
FastQ11  1894.0    12.0      3.0      0.0     6.0      6.0     6.0  ...   1655.0   1655.0  1723.0  1722.0  1678.0  1679.0  1679.0
NGS09    1900.0    18.0      9.0      6.0     0.0      0.0     0.0  ...   1661.0   1661.0  1729.0  1728.0  1684.0  1685.0  1685.0
FastQ12  1900.0    18.0      9.0      6.0     0.0      0.0     0.0  ...   1661.0   1661.0  1729.0  1728.0  1684.0  1685.0  1685.0
NGS02    1900.0    18.0      9.0      6.0     0.0      0.0     0.0  ...   1661.0   1661.0  1729.0  1728.0  1684.0  1685.0  1685.0
NGS01    1679.0  1667.0   1658.0   1657.0  1663.0   1663.0  1663.0  ...    708.0    708.0  1086.0  1085.0  1043.0  1044.0  1044.0
FastQ15  1675.0  1665.0   1656.0   1655.0  1661.0   1661.0  1661.0  ...      0.0      0.0  1082.0  1081.0  1037.0  1038.0  1038.0
FastQ14  1675.0  1665.0   1656.0   1655.0  1661.0   1661.0  1661.0  ...      0.0      0.0  1082.0  1081.0  1037.0  1038.0  1038.0
NGS06    1749.0  1733.0   1724.0   1723.0  1729.0   1729.0  1729.0  ...   1082.0   1082.0     0.0  1053.0  1007.0  1008.0  1008.0
NGS08    1744.0  1732.0   1723.0   1722.0  1728.0   1728.0  1728.0  ...   1081.0   1081.0  1053.0     0.0   519.0   520.0   520.0
NGS05    1704.0  1688.0   1679.0   1678.0  1684.0   1684.0  1684.0  ...   1037.0   1037.0  1007.0   519.0     0.0     1.0     1.0
NGS10    1705.0  1689.0   1680.0   1679.0  1685.0   1685.0  1685.0  ...   1038.0   1038.0  1008.0   520.0     1.0     0.0     0.0
NGS04    1705.0  1689.0   1680.0   1679.0  1685.0   1685.0  1685.0  ...   1038.0   1038.0  1008.0   520.0     1.0     0.0     0.0

[15 rows x 15 columns]
>>> 
>>> mat2_sorted.to_csv("mat_reformated.csv", sep='\t', index=True)
>>> mat2_sorted.to_csv("mat_reformated.csv", sep='\t', index=False)
